3046
3046
3046
3047
3043
3041
3186
3047
3041
3043
3044
3042
3041
3047
3049
3060
3058
3061
3042
3043
3042
3041
3041
3044
3058
3049
3058
3033
3042
3040
3058
3040
3176
3040
3048
3058
3048
3036
3072
3055
3055
3072
3039
3055
3073
3062
3056
3055
3072
3072
3072
3059
3064
3056
3032
3074
3032
3032
3021
3034
3032
3038
3057
3075
3071
3057
3036
3083
3038
3054
3012
3031
3038
3072
3070
3070
3020
3054
3038
3021
3031
3063
3068
3052
3076
3019
3037
8002
3011
3052
3086
3081
3020
3050
3012
3010
3068
3081
3020
3053
3081
3053
3078
3428
3051
3081
3019
3012
3037
3023
3037
3065
3082
3011
3011
3085
3085
3083
3021
3064
3022
8576
3079
3003
3079
3037
3084
3021
3012
3078
3066
3023
3083
8006
3022
3020
3066
3056
3013
3013
3087
3000
2890
3087
3002
3084
3067
3020
3023
8007
3023
8003
8009
3063
3084
8001
3079
3008
3012
8005
3005
3037
3023
3006
3006
3084
3072
8001
3207
3207
3015
3121
3121
3121
3088
3121
3084
3023
3205
3101
3085
3102
3015
3105
3025
3121
8873
3103
3030
3023
3750
3752
3122
3104
3088
3025
3206
3121
3004
3121
3015
3103
3094
3093
3142
3141
3122
3122
3090
3064
3088
3103
3026
3206
3123
3045
8015
3142
8015
3107
3016
3016
3122
3429
3124
3427
3181
3124
3124
3124
3104
3103
8008
3144
3095
3106
3095
3335
3181
3123
3182
3126
3108
3181
3091
3109
3126
3029
3064
3143
3143
3146
3754
3182
3182
3089
3129
3124
3018
3183
3151
3127
3004
3125
3004
8627
3127
3183
3129
3127
3144
3144
3018
3025
3051
3064
3128
3429
3161
3095
3185
3129
3128
3335
3146
3184
3161
3128
3754
3184
3096
3128
3755
3751
3185
3125
3145
3162
3028
3130
3028
3029
3147
3109
3027
3130
3162
3125
3111
3145
3145
3130
3099
3145
3147
3145
3185
3130
3163
3128
3028
3097
3099
3148
3186
3187
3163
3187
3113
3110
3131
3113
3163
3148
3131
3186
3148
3148
3204
3024
3114
3151
3132
3132
3132
3099
3166
3163
3204
3186
3134
3337
3149
3030
3131
